spawn:
  world: world
  x: -1.477564884759376
  y: 78.0
  z: -12.48778202391832
  pitch: 0
  yaw: 90
firstspawn:
  world: world
  x: -1.477564884759376
  y: 78.0
  z: -12.48778202391832
  pitch: 0
  yaw: 90
